0.042795
0.048389
-0.095341
0.026147
-0.193357
-0.003188
0.057612
-0.027467
0.092155
0.062443
0.009630
-0.082870
-0.039360
0.011990
-0.032174
0.009894
-0.098520
0.073736
-0.074414
-0.191957
-0.006568
0.130265
0.033108
-0.026112
-0.121052
0.093068
-0.077476
0.063109
0.045679
0.029172
-0.146233
0.058429
0.086157
0.013613
0.064970
-0.081700
-0.087618
0.090595
0.143142
-0.002729
0.062777
-0.028004
-0.045723
0.117824
-0.004105
-0.001552
-0.135574
0.035247
-0.007120
-0.081619
-0.094407
0.109561
0.060999
0.116439
0.007637
-0.089268
-0.002592
-0.117544
-0.017639
-0.049742
0.031991
-0.053643
-0.033032
0.077168
0.041874
0.054747
0.100706
0.011825
-0.038006
-0.146292
-0.057975
-0.072090
0.038122
0.025402
0.030790
-0.028384
0.018235
0.162052
0.049294
-0.118235
0.212214
-0.047070
0.108202
-0.108734
